r 2 120 30|s 0 170 80
r 4 120 30|s 0 170 80
r 6 120 30|s 2 170 80
r 8 120 30|s 2 170 80
r 10 120 30|s 4 170 80
r 12 120 30|s 4 170 80
r 14 120 30|s 6 170 80
r 16 120 30|s 6 170 80
r 18 120 30|s 8 170 80
r 20 120 30|s 8 170 80
r 22 120 30|s 10 170 80
r 24 120 30|s 10 170 80
r 26 120 30|s 12 170 80
r 28 120 30|s 12 170 80
r 30 120 30|s 14 170 80
r 32 120 30|s 14 170 80
r 34 120 30|s 16 170 80
r 36 120 30|s 16 170 80
r 38 120 30|s 18 170 80
r 40 120 30|s 18 170 80
r 42 120 30|s 20 170 80
r 44 120 30|s 20 170 80
r 46 120 30|s 22 170 80
r 48 120 30|s 22 170 80
r 50 120 30|s 24 170 80
r 54 120 30|s 24 170 80
r 58 120 30|s 26 170 80
r 62 120 30|s 26 170 80
r 66 120 30|s 28 170 80
r 70 120 30|s 28 170 80
r 74 120 30|s 30 170 80
r 78 120 30|s 30 170 80
r 82 120 30|s 32 170 80
r 86 120 30|s 32 170 80
r 90 120 30|s 34 170 80
r 94 120 30|s 34 170 80
r 98 120 30|s 36 170 80
r 102 120 30|s 36 170 80
r 106 120 30|s 38 170 80
r 110 120 30|s 38 170 80
r 114 120 30|s 40 170 80
r 118 120 30|s 40 170 80
r 122 120 30|s 42 170 80
r 126 120 30|s 42 170 80
r 130 120 30|s 44 170 80
r 134 120 30|s 46 170 80
r 138 120 30|s 46 170 80
r 142 120 30|s 48 170 80
r 146 120 30|s 48 170 80
r 150 120 30|s 54 170 80
