r 1 180 30|s 0 230 80
r 2 180 30|s 0 230 80
r 3 180 30|s 1 230 80
r 4 180 30|s 1 230 80
r 5 180 30|s 2 230 80
r 6 180 30|s 2 230 80
r 7 180 30|s 3 230 80
r 8 180 30|s 3 230 80
r 9 180 30|s 4 230 80
r 10 180 30|s 4 230 80
r 11 180 30|s 5 230 80
r 12 180 30|s 5 230 80
r 13 180 30|s 6 230 80
r 14 180 30|s 6 230 80
r 15 180 30|s 7 230 80
r 16 180 30|s 7 230 80
r 17 180 30|s 8 230 80
r 18 180 30|s 8 230 80
r 19 180 30|s 9 230 80
r 20 180 30|s 9 230 80
r 21 180 30|s 10 230 80
r 22 180 30|s 10 230 80
r 23 180 30|s 11 230 80
r 24 180 30|s 11 230 80
r 25 180 30|s 12 230 80
r 27 180 30|s 12 230 80
r 29 180 30|s 13 230 80
r 31 180 30|s 13 230 80
r 33 180 30|s 14 230 80
r 35 180 30|s 14 230 80
r 37 180 30|s 15 230 80
r 39 180 30|s 15 230 80
r 41 180 30|s 16 230 80
r 43 180 30|s 16 230 80
r 45 180 30|s 17 230 80
r 47 180 30|s 17 230 80
r 49 180 30|s 18 230 80
r 51 180 30|s 18 230 80
r 53 180 30|s 19 230 80
r 55 180 30|s 19 230 80
r 57 180 30|s 20 230 80
r 59 180 30|s 20 230 80
r 61 180 30|s 21 230 80
r 63 180 30|s 21 230 80
r 65 180 30|s 22 230 80
r 67 180 30|s 23 230 80
r 69 180 30|s 23 230 80
r 71 180 30|s 24 230 80
r 73 180 30|s 24 230 80
r 75 180 30|s 27 230 80